801023 850211
801021 850221 850222
801022 850231
801024 850241 850242
801035 850311 850313
801033 850321 850322 850323 850324
801034 850331 850332 850336 850381 850333 850334 850335 850337 850338 850382 850383 850372 850373 850339
801032 850341 850342 850343 850345 850344
801036 850352 850353 850351
801037 850361 850362 850363
801041 850411 850412
801055 850551 850552 850553
801053 850531 
801054 850541 850542 850543 850544
801051 850521 850522 850523
801711 850612
801712 850611
801713 850615 850616 850614
801721 850623
801722 857221
801723 857231 857232 857233 857234 857235
801724 857241 857242 857243 857244
801725 857251
801731 850741
801732 857321 857322 857323
801733 857331 857332 857333 857334 857335 857336
801734 857341 857342 857343 857344
801072 850711 850712 850713 850714 850715 850716
801074 850722 850724 850725 850728 850729 850721 850723 850726 850727
801073 850731
801075 850751
801076 850936
801741 857411
801742 857421
801743 857431
801744 850935
801094 850911 850912 850913
801093 850921
801092 850941
801881 858811
801111 851111 851112 851113 851114 851115
801112 851121 851122
801143 851411
801141 851421
801142 851432 851433 851434 851435
801144 851441
801016 850111 850112 850113
801015 850121 850122
801011 850131
801014 850141
801012 850151 850152 850154
801013 850161
801017 850171
801018 850181
801123 851231 851232 851233 851234 851235 851236
801124 851241 851242 851243 851244
801131 851311 851312 851313 851314 851315 851316
801132 851322 851323 851324 851325 851326 851327
801151 851511 851512
801155 851521
801152 851531
801154 851541
801153 851551
801156 851561
801203 852031 852032 852033
801204 852041
801205 852051 852052
801202 852021
801212 852111 852112
801213 852121
801214 852131
801211 852141
801215 852151
801081 850811 850812 850813
801083 850822 850823
801084 850831 850832 850833
801085 850851 850852
801082 850841
801101 851021
801222 852225 852226
801761 852241 852242 852224 852244
801751 852243
801752 852221 852222 852223
801223 852211
801102 851012 851013 851014
801161 851611 851612 851613 851614 851615
801164 851621
801163 851631
801162 851641
801171 851711
801175 851731
801172 851721
801173 851741
801174 851751
801176 851761
801177 851771
801178 851781
801181 851811
801182 851821
801192 851911
801193 851931
801194 851941
801191 851921
801231 852311
